00019\ba.jpg 84 201 137 253
00019\bb.jpg 91 214 136 259
00019\bc.jpg 81 213 140 272
00019\bd.jpg 85 208 144 266
00019\be.jpg 74 200 142 268
00019\bf.jpg 61 183 142 264
00019\bg.jpg 46 167 141 263
00019\bh.jpg 34 157 141 264
00019\bi.jpg 33 157 141 266
00029\ba.jpg 80 205 145 270
00029\bb.jpg 103 226 141 264
00029\bc.jpg 105 227 142 263
00029\bd.jpg 83 215 136 268
00029\be.jpg 84 211 137 264
00029\bf.jpg 59 199 134 275
00029\bg.jpg 54 180 135 261
00029\bh.jpg 36 165 132 262
00029\bi.jpg 29 157 137 264
00268\ba.jpg 50 198 135 283
00268\bb.jpg 96 232 143 279
00268\bc.jpg 87 223 141 278
00268\bd.jpg 84 217 144 277
00268\be.jpg 72 202 143 272
00268\bf.jpg 51 188 146 282
00268\bg.jpg 35 165 143 274
00268\bh.jpg 29 163 149 283
00268\bi.jpg 22 154 145 278
00647\ba.jpg 81 203 149 271
00647\bb.jpg 98 238 134 274
00647\bc.jpg 88 224 140 276
00647\bd.jpg 85 226 141 282
00647\be.jpg 70 196 160 286
00647\bf.jpg 53 182 159 288
00647\bg.jpg 55 186 154 285
00647\bh.jpg 56 203 147 294
00647\bi.jpg 42 178 151 287
00700\ba.jpg 75 200 168 293
00700\bb.jpg 103 228 161 286
00700\bc.jpg 102 229 165 292
00700\bd.jpg 101 223 167 289
00700\be.jpg 85 204 168 286
00700\bf.jpg 73 194 169 290
00700\bg.jpg 38 165 164 291
00700\bh.jpg 27 168 154 296
00700\bi.jpg 25 156 158 290
00761\ba.jpg 56 197 141 282
00761\bb.jpg 108 234 143 268
00761\bc.jpg 101 231 127 256
00761\bd.jpg 92 222 122 252
00761\be.jpg 73 199 124 250
00761\bf.jpg 41 174 119 252
00761\bg.jpg 27 172 126 271
00761\bh.jpg 22 138 130 247
00761\bi.jpg 9 139 123 254
01013\ba.jpg 62 186 162 286
01013\bb.jpg 103 231 158 286
01013\bc.jpg 93 222 154 282
01013\bd.jpg 89 216 154 282
01013\be.jpg 82 213 152 284
01013\bf.jpg 65 189 155 278
01013\bg.jpg 54 177 153 277
01013\bh.jpg 49 179 150 280
01013\bi.jpg 34 171 145 282
01014\ba.jpg 80 195 182 297
01014\bb.jpg 102 234 172 304
01014\bc.jpg 92 228 171 307
01014\bd.jpg 98 224 172 298
01014\be.jpg 80 202 173 294
01014\bf.jpg 65 181 181 296
01014\bg.jpg 63 182 173 292
01014\bh.jpg 56 172 170 286
01014\bi.jpg 41 171 165 295
01015\ba.jpg 71 200 151 280
01015\bb.jpg 100 233 147 280
01015\bc.jpg 104 234 149 278
01015\bd.jpg 94 222 151 280
01015\be.jpg 71 206 147 283
01015\bf.jpg 53 189 150 286
01015\bg.jpg 48 178 150 281
01015\bh.jpg 49 172 154 277
01015\bi.jpg 39 166 156 283
01016\ba.jpg 90 203 168 281
01016\bb.jpg 95 221 158 285
01016\bc.jpg 89 214 159 285
01016\bd.jpg 87 211 168 292
01016\be.jpg 85 200 165 280
01016\bf.jpg 82 197 173 288
01016\bg.jpg 56 175 169 288
01016\bh.jpg 47 166 170 289
01016\bi.jpg 25 146 170 291
01017\ba.jpg 78 199 173 295
01017\bb.jpg 99 222 174 297
01017\bc.jpg 78 207 171 300
01017\bd.jpg 84 213 175 304
01017\be.jpg 83 205 178 300
01017\bf.jpg 68 194 176 303
01017\bg.jpg 53 178 184 309
01017\bh.jpg 62 192 182 311
01017\bi.jpg 47 173 180 305
01018\ba.jpg 73 196 171 293
01018\bb.jpg 99 221 145 268
01018\bc.jpg 83 212 143 272
01018\bd.jpg 91 216 150 275
01018\be.jpg 70 196 150 277
01018\bf.jpg 72 187 159 274
01018\bg.jpg 59 178 157 275
01018\bh.jpg 55 187 153 285
01018\bi.jpg 34 160 154 280
01019\ba.jpg 66 208 169 311
01019\bb.jpg 103 240 154 291
01019\bc.jpg 96 229 161 294
01019\bd.jpg 79 224 153 298
01019\be.jpg 68 206 162 300
01019\bf.jpg 52 190 163 301
01019\bg.jpg 40 185 168 312
01019\bh.jpg 32 174 165 307
01019\bi.jpg 27 174 160 307
01020\ba.jpg 60 216 139 295
01020\bb.jpg 109 237 141 269
01020\bc.jpg 84 228 133 277
01020\bd.jpg 92 226 136 270
01020\be.jpg 90 227 132 269
01020\bf.jpg 53 192 140 279
01020\bg.jpg 57 189 137 268
01020\bh.jpg 37 181 115 259
01020\bi.jpg 37 178 121 262
01021\ba.jpg 84 189 146 251
01021\bb.jpg 108 217 149 257
01021\bc.jpg 113 218 152 257
01021\bd.jpg 98 205 152 259
01021\be.jpg 98 209 151 262
01021\bf.jpg 95 206 154 265
01021\bg.jpg 91 201 160 269
01021\bh.jpg 74 182 157 266
01021\bi.jpg 50 152 153 255
01022\ba.jpg 59 219 139 300
01022\bb.jpg 84 228 154 298
01022\bc.jpg 60 209 151 300
01022\bd.jpg 64 212 149 297
01022\be.jpg 73 218 156 301
01022\bf.jpg 43 197 155 308
01022\bg.jpg 34 183 153 302
01022\bh.jpg 29 173 157 301
01022\bi.jpg 29 175 157 303
01023\ba.jpg 56 206 139 289
01023\bb.jpg 85 230 117 262
01023\bc.jpg 77 224 120 267
01023\bd.jpg 83 218 127 262
01023\be.jpg 70 209 122 261
01023\bf.jpg 59 203 122 266
01023\bg.jpg 54 196 128 271
01023\bh.jpg 44 180 124 260
01023\bi.jpg 37 177 118 259
01024\ba.jpg 59 206 159 307
01024\bb.jpg 82 222 156 296
01024\bc.jpg 71 213 158 300
01024\bd.jpg 73 204 172 302
01024\be.jpg 80 210 178 308
01024\bf.jpg 39 182 176 319
01024\bg.jpg 54 188 179 312
01024\bh.jpg 42 169 182 309
01024\bi.jpg 20 156 182 318
01025\ba.jpg 53 200 144 290
01025\bb.jpg 94 237 141 284
01025\bc.jpg 76 217 144 286
01025\bd.jpg 73 216 145 288
01025\be.jpg 71 216 141 286
01025\bf.jpg 61 203 142 284
01025\bg.jpg 40 183 142 285
01025\bh.jpg 30 177 139 285
01025\bi.jpg 23 171 139 287
01026\ba.jpg 70 202 154 286
01026\bb.jpg 114 232 175 293
01026\bc.jpg 103 222 165 283
01026\bd.jpg 87 215 156 284
01026\be.jpg 83 205 159 282
01026\bf.jpg 66 188 154 277
01026\bg.jpg 45 170 152 277
01026\bh.jpg 31 161 153 283
01026\bi.jpg 27 145 157 275
01027\ba.jpg 68 197 129 258
01027\bb.jpg 99 233 127 262
01027\bc.jpg 76 211 131 266
01027\bd.jpg 70 202 123 254
01027\be.jpg 79 212 125 258
01027\bf.jpg 72 192 146 266
01027\bg.jpg 47 165 146 265
01027\bh.jpg 24 151 126 253
01027\bi.jpg 34 174 121 261
01028\ba.jpg 66 204 137 275
01028\bb.jpg 81 238 143 299
01028\bc.jpg 75 233 144 301
01028\bd.jpg 92 237 148 292
01028\be.jpg 75 220 144 289
01028\bf.jpg 46 187 155 296
01028\bg.jpg 46 193 142 290
01028\bh.jpg 21 167 143 288
01028\bi.jpg 17 172 135 290
01029\ba.jpg 52 201 140 288
01029\bb.jpg 93 235 147 289
01029\bc.jpg 73 218 141 286
01029\bd.jpg 78 225 144 291
01029\be.jpg 73 215 153 294
01029\bf.jpg 41 184 148 291
01029\bg.jpg 36 173 158 295
01029\bh.jpg 25 163 148 286
01029\bi.jpg 14 152 147 284
01030\ba.jpg 67 200 142 275
01030\bb.jpg 91 234 145 288
01030\bc.jpg 83 230 145 291
01030\bd.jpg 77 222 139 284
01030\be.jpg 82 210 147 275
01030\bf.jpg 77 201 149 274
01030\bg.jpg 49 182 143 275
01030\bh.jpg 25 163 146 285
01030\bi.jpg 14 144 152 282
01031\ba.jpg 70 192 177 299
01031\bb.jpg 84 218 172 306
01031\bc.jpg 77 211 172 306
01031\bd.jpg 74 205 174 306
01031\be.jpg 65 191 175 301
01031\bf.jpg 71 192 178 298
01031\bg.jpg 57 180 175 299
01031\bh.jpg 30 157 173 300
01031\bi.jpg 33 155 181 304
01032\ba.jpg 80 198 151 269
01032\bb.jpg 82 231 143 292
01032\bc.jpg 72 221 143 292
01032\bd.jpg 81 219 153 291
01032\be.jpg 65 203 147 286
01032\bf.jpg 53 177 155 279
01032\bg.jpg 51 187 154 290
01032\bh.jpg 26 165 149 287
01032\bi.jpg 7 138 155 286
01033\ba.jpg 58 199 137 279
01033\bb.jpg 93 228 151 286
01033\bc.jpg 95 223 151 279
01033\bd.jpg 75 208 146 279
01033\be.jpg 49 178 145 273
01033\bf.jpg 46 183 149 285
01033\bg.jpg 29 163 150 284
01033\bh.jpg 37 181 142 286
01033\bi.jpg 23 160 144 281
01034\ba.jpg 62 196 152 286
01034\bb.jpg 90 229 136 276
01034\bc.jpg 81 218 137 274
01034\bd.jpg 87 221 141 274
01034\be.jpg 72 205 139 272
01034\bf.jpg 48 187 138 276
01034\bg.jpg 48 187 135 274
01034\bh.jpg 39 179 136 276
01034\bi.jpg 19 163 135 278
01035\ba.jpg 70 193 160 283
01035\bb.jpg 98 226 151 280
01035\bc.jpg 88 219 153 284
01035\bd.jpg 68 199 154 285
01035\be.jpg 74 205 155 286
01035\bf.jpg 59 187 158 286
01035\bg.jpg 53 180 164 291
01035\bh.jpg 32 165 158 291
01035\bi.jpg 33 156 163 287
01036\ba.jpg 78 199 140 261
01036\bb.jpg 103 239 128 264
01036\bc.jpg 62 213 122 273
01036\bd.jpg 73 225 123 276
01036\be.jpg 74 215 125 266
01036\bf.jpg 54 186 138 270
01036\bg.jpg 49 187 131 269
01036\bh.jpg 35 185 125 275
01036\bi.jpg 19 159 127 267
01037\ba.jpg 60 214 149 304
01037\bb.jpg 95 227 154 286
01037\bc.jpg 79 215 160 296
01037\bd.jpg 74 211 153 291
01037\be.jpg 80 211 157 288
01037\bf.jpg 50 200 153 302
01037\bg.jpg 54 188 154 288
01037\bh.jpg 37 182 151 295
01037\bi.jpg 31 174 157 300
01038\ba.jpg 72 206 114 249
01038\bb.jpg 99 223 127 251
01038\bc.jpg 107 226 127 247
01038\bd.jpg 87 213 129 256
01038\be.jpg 79 208 125 253
01038\bf.jpg 57 195 116 254
01038\bg.jpg 56 183 120 246
01038\bh.jpg 42 174 120 252
01038\bi.jpg 34 158 124 249
01039\ba.jpg 70 193 170 292
01039\bb.jpg 88 232 161 306
01039\bc.jpg 75 214 169 308
01039\bd.jpg 70 202 158 290
01039\be.jpg 90 211 164 285
01039\bf.jpg 66 177 173 284
01039\bg.jpg 54 178 173 297
01039\bh.jpg 32 155 166 288
01039\bi.jpg 33 155 167 290
01040\ba.jpg 55 207 159 311
01040\bb.jpg 89 238 154 303
01040\bc.jpg 88 237 150 299
01040\bd.jpg 74 222 156 304
01040\be.jpg 61 212 155 306
01040\bf.jpg 59 205 155 301
01040\bg.jpg 40 187 151 298
01040\bh.jpg 21 166 151 296
01040\bi.jpg 20 169 152 301
01041\ba.jpg 72 204 160 292
01041\bb.jpg 81 236 152 307
01041\bc.jpg 92 237 159 303
01041\bd.jpg 87 225 165 303
01041\be.jpg 87 222 160 296
01041\bf.jpg 45 177 160 292
01041\bg.jpg 43 177 166 300
01041\bh.jpg 19 153 165 298
01041\bi.jpg 19 156 161 299
01042\ba.jpg 71 203 150 281
01042\bb.jpg 98 228 127 256
01042\bc.jpg 93 222 123 253
01042\bd.jpg 86 216 125 256
01042\be.jpg 71 207 126 262
01042\bf.jpg 74 204 133 263
01042\bg.jpg 65 189 132 257
01042\bh.jpg 46 180 132 266
01042\bi.jpg 37 163 134 260
01043\ba.jpg 51 199 146 294
01043\bb.jpg 85 233 153 301
01043\bc.jpg 70 217 153 300
01043\bd.jpg 74 216 156 298
01043\be.jpg 77 221 157 300
01043\bf.jpg 48 196 154 302
01043\bg.jpg 49 194 154 299
01043\bh.jpg 38 174 161 297
01043\bi.jpg 29 173 164 308
01044\ba.jpg 93 224 178 310
01044\bb.jpg 103 241 169 307
01044\bc.jpg 100 235 169 303
01044\bd.jpg 86 222 168 304
01044\be.jpg 89 219 173 303
01044\bf.jpg 82 214 171 302
01044\bg.jpg 66 200 168 303
01044\bh.jpg 41 185 165 309
01044\bi.jpg 48 182 162 296
01045\ba.jpg 80 198 152 270
01045\bb.jpg 104 233 149 278
01045\bc.jpg 92 215 152 275
01045\bd.jpg 93 217 148 272
01045\be.jpg 80 201 150 270
01045\bf.jpg 57 183 146 272
01045\bg.jpg 47 175 144 272
01045\bh.jpg 39 164 142 267
01045\bi.jpg 39 168 147 275
01046\ba.jpg 81 207 164 289
01046\bb.jpg 87 227 161 301
01046\bc.jpg 71 210 162 302
01046\bd.jpg 80 209 147 276
01046\be.jpg 75 204 155 284
01046\bf.jpg 58 190 162 294
01046\bg.jpg 43 184 160 301
01046\bh.jpg 40 165 161 286
01046\bi.jpg 32 166 162 296
01047\ba.jpg 57 210 148 301
01047\bb.jpg 80 234 150 304
01047\bc.jpg 72 227 156 311
01047\bd.jpg 61 215 155 309
01047\be.jpg 43 199 155 311
01047\bf.jpg 37 193 158 314
01047\bg.jpg 43 191 158 306
01047\bh.jpg 25 177 156 308
01047\bi.jpg 11 160 155 305
01048\ba.jpg 85 195 185 295
01048\bb.jpg 116 227 175 286
01048\bc.jpg 112 223 181 292
01048\bd.jpg 106 220 178 292
01048\be.jpg 95 208 178 291
01048\bf.jpg 85 193 177 285
01048\bg.jpg 75 189 180 293
01048\bh.jpg 51 162 181 292
01048\bi.jpg 46 164 176 294
01049\ba.jpg 60 209 129 278
01049\bb.jpg 72 217 138 283
01049\bc.jpg 66 213 144 290
01049\bd.jpg 59 205 146 292
01049\be.jpg 58 206 143 291
01049\bf.jpg 47 199 142 294
01049\bg.jpg 45 192 144 291
01049\bh.jpg 45 188 137 280
01049\bi.jpg 29 172 135 278
01050\ba.jpg 62 210 141 289
01050\bb.jpg 78 236 146 304
01050\bc.jpg 81 228 151 297
01050\bd.jpg 86 233 151 298
01050\be.jpg 78 217 152 290
01050\bf.jpg 46 187 157 299
01050\bg.jpg 20 156 160 296
01050\bh.jpg 9 154 153 298
01050\bi.jpg 15 157 159 301
01051\ba.jpg 78 217 156 295
01051\bb.jpg 97 241 142 287
01051\bc.jpg 85 230 147 292
01051\bd.jpg 75 214 158 297
01051\be.jpg 66 210 158 302
01051\bf.jpg 64 196 160 292
01051\bg.jpg 51 199 155 303
01051\bh.jpg 42 187 154 299
01051\bi.jpg 26 181 154 309
01052\ba.jpg 67 177 147 258
01052\bb.jpg 89 210 147 267
01052\bc.jpg 80 211 146 277
01052\bd.jpg 71 186 146 261
01052\be.jpg 59 181 164 286
01052\bf.jpg 51 168 165 281
01052\bg.jpg 40 162 165 287
01052\bh.jpg 37 157 165 285
01052\bi.jpg 31 163 156 288
01053\ba.jpg 63 175 183 295
01053\bb.jpg 106 231 163 289
01053\bc.jpg 85 211 161 286
01053\bd.jpg 80 205 165 289
01053\be.jpg 68 194 160 286
01053\bf.jpg 54 162 169 277
01053\bg.jpg 50 170 164 284
01053\bh.jpg 51 171 163 283
01053\bi.jpg 43 160 164 281
01054\ba.jpg 72 206 150 285
01054\bb.jpg 92 232 147 286
01054\bc.jpg 96 230 151 285
01054\bd.jpg 81 214 153 286
01054\be.jpg 81 213 154 285
01054\bf.jpg 68 202 153 287
01054\bg.jpg 55 189 151 284
01054\bh.jpg 41 180 151 290
01054\bi.jpg 30 187 142 299
01055\ba.jpg 58 189 150 282
01055\bb.jpg 112 234 155 277
01055\bc.jpg 96 227 152 283
01055\bd.jpg 77 211 151 285
01055\be.jpg 72 199 152 279
01055\bf.jpg 61 194 150 283
01055\bg.jpg 51 181 147 277
01055\bh.jpg 44 178 150 283
01055\bi.jpg 40 167 150 277
01056\ba.jpg 69 211 159 300
01056\bb.jpg 98 240 153 294
01056\bc.jpg 96 233 157 294
01056\bd.jpg 77 222 148 293
01056\be.jpg 76 216 151 291
01056\bf.jpg 52 200 142 289
01056\bg.jpg 53 197 146 290
01056\bh.jpg 42 186 143 287
01056\bi.jpg 37 176 147 285
01057\ba.jpg 78 185 161 268
01057\bb.jpg 92 218 131 256
01057\bc.jpg 85 197 137 250
01057\bd.jpg 71 188 139 256
01057\be.jpg 87 201 136 249
01057\bf.jpg 71 176 144 250
01057\bg.jpg 58 170 144 256
01057\bh.jpg 47 165 142 261
01057\bi.jpg 42 165 142 265
01058\ba.jpg 61 176 166 282
01058\bb.jpg 104 230 167 293
01058\bc.jpg 85 215 168 298
01058\bd.jpg 77 203 168 294
01058\be.jpg 68 191 169 291
01058\bf.jpg 55 177 170 291
01058\bg.jpg 48 171 165 287
01058\bh.jpg 38 166 159 287
01058\bi.jpg 42 164 165 287
01059\ba.jpg 63 195 159 291
01059\bb.jpg 94 229 144 279
01059\bc.jpg 85 217 148 280
01059\bd.jpg 76 201 148 273
01059\be.jpg 77 203 146 272
01059\bf.jpg 60 196 142 277
01059\bg.jpg 56 181 152 277
01059\bh.jpg 45 172 157 284
01059\bi.jpg 30 153 160 283
01060\ba.jpg 59 191 151 284
01060\bb.jpg 88 242 142 296
01060\bc.jpg 84 231 148 295
01060\bd.jpg 82 227 157 301
01060\be.jpg 52 180 163 291
01060\bf.jpg 32 170 156 294
01060\bg.jpg 24 166 161 303
01060\bh.jpg 17 158 143 283
01060\bi.jpg 10 155 145 289
01061\ba.jpg 55 197 160 303
01061\bb.jpg 93 228 151 286
01061\bc.jpg 62 206 149 294
01061\bd.jpg 87 214 161 289
01061\be.jpg 70 203 152 285
01061\bf.jpg 66 199 157 290
01061\bg.jpg 58 204 152 298
01061\bh.jpg 46 183 154 291
01061\bi.jpg 34 170 150 286
01062\ba.jpg 61 203 169 312
01062\bb.jpg 93 230 176 313
01062\bc.jpg 82 218 173 309
01062\bd.jpg 74 212 169 306
01062\be.jpg 56 200 167 311
01062\bf.jpg 55 200 165 310
01062\bg.jpg 44 184 164 305
01062\bh.jpg 29 169 167 307
01062\bi.jpg 28 169 160 301
01063\ba.jpg 50 205 156 312
01063\bb.jpg 91 238 171 318
01063\bc.jpg 80 227 173 319
01063\bd.jpg 69 218 173 321
01063\be.jpg 53 198 172 316
01063\bf.jpg 45 200 170 324
01063\bg.jpg 38 179 176 318
01063\bh.jpg 19 159 176 316
01063\bi.jpg 17 164 172 318
01064\ba.jpg 55 206 155 305
01064\bb.jpg 92 234 159 301
01064\bc.jpg 75 216 163 305
01064\bd.jpg 74 216 171 314
01064\be.jpg 70 210 171 311
01064\bf.jpg 49 195 170 316
01064\bg.jpg 29 166 178 315
01064\bh.jpg 26 167 177 317
01064\bi.jpg 24 171 171 318
01065\ba.jpg 61 199 156 294
01065\bb.jpg 99 229 152 281
01065\bc.jpg 88 222 151 284
01065\bd.jpg 81 212 155 286
01065\be.jpg 71 200 154 283
01065\bf.jpg 47 186 155 294
01065\bg.jpg 43 177 149 283
01065\bh.jpg 25 159 150 283
01065\bi.jpg 28 163 151 286
01066\ba.jpg 63 213 163 312
01066\bb.jpg 83 232 155 303
01066\bc.jpg 73 230 150 307
01066\bd.jpg 79 226 154 301
01066\be.jpg 77 220 154 297
01066\bf.jpg 46 195 166 314
01066\bg.jpg 54 201 164 311
01066\bh.jpg 38 186 163 311
01066\bi.jpg 25 172 161 308
01067\ba.jpg 79 205 164 290
01067\bb.jpg 102 226 166 290
01067\bc.jpg 82 211 161 289
01067\bd.jpg 78 203 161 287
01067\be.jpg 63 196 154 288
01067\bf.jpg 50 174 161 285
01067\bg.jpg 44 168 162 286
01067\bh.jpg 43 170 162 289
01067\bi.jpg 35 163 160 289
01068\ba.jpg 74 204 167 296
01068\bb.jpg 95 231 162 298
01068\bc.jpg 89 229 161 302
01068\bd.jpg 93 227 163 297
01068\be.jpg 84 212 166 295
01068\bf.jpg 69 203 162 296
01068\bg.jpg 59 194 167 302
01068\bh.jpg 42 178 165 300
01068\bi.jpg 28 158 164 294
01069\ba.jpg 70 193 157 280
01069\bb.jpg 87 221 155 290
01069\bc.jpg 81 211 156 287
01069\bd.jpg 84 206 159 281
01069\be.jpg 73 195 161 283
01069\bf.jpg 77 194 164 281
01069\bg.jpg 67 194 157 283
01069\bh.jpg 52 180 153 282
01069\bi.jpg 49 175 155 280
01070\ba.jpg 70 200 160 290
01070\bb.jpg 86 215 169 297
01070\bc.jpg 72 199 173 299
01070\bd.jpg 86 214 170 297
01070\be.jpg 81 208 171 297
01070\bf.jpg 49 179 164 294
01070\bg.jpg 39 167 167 295
01070\bh.jpg 41 167 164 291
01070\bi.jpg 30 159 164 293
01071\ba.jpg 61 196 159 293
01071\bb.jpg 94 232 142 280
01071\bc.jpg 73 219 138 284
01071\bd.jpg 71 209 146 285
01071\be.jpg 58 201 145 288
01071\bf.jpg 60 206 141 287
01071\bg.jpg 48 186 147 286
01071\bh.jpg 36 174 154 292
01071\bi.jpg 24 168 146 289
01072\ba.jpg 58 198 148 288
01072\bb.jpg 79 211 148 281
01072\bc.jpg 87 219 148 280
01072\bd.jpg 64 202 146 284
01072\be.jpg 55 187 148 279
01072\bf.jpg 55 180 138 264
01072\bg.jpg 45 170 139 264
01072\bh.jpg 32 171 135 274
01072\bi.jpg 24 156 137 268
01073\ba.jpg 67 210 133 276
01073\bb.jpg 97 235 139 277
01073\bc.jpg 77 216 141 279
01073\bd.jpg 50 197 132 279
01073\be.jpg 75 214 141 280
01073\bf.jpg 48 192 143 288
01073\bg.jpg 38 182 146 290
01073\bh.jpg 38 177 141 281
01073\bi.jpg 17 152 133 268
01074\ba.jpg 49 203 145 298
01074\bb.jpg 81 237 155 312
01074\bc.jpg 92 237 156 301
01074\bd.jpg 89 229 159 299
01074\be.jpg 72 220 156 304
01074\bf.jpg 48 195 156 302
01074\bg.jpg 36 180 156 299
01074\bh.jpg 36 184 168 316
01074\bi.jpg 20 166 172 318
01075\ba.jpg 70 209 176 316
01075\bb.jpg 87 227 167 307
01075\bc.jpg 76 220 169 313
01075\bd.jpg 83 225 165 307
01075\be.jpg 75 210 170 305
01075\bf.jpg 60 203 175 319
01075\bg.jpg 57 200 169 312
01075\bh.jpg 46 189 168 311
01075\bi.jpg 34 181 170 317
01076\ba.jpg 49 219 142 312
01076\bb.jpg 62 233 137 308
01076\bc.jpg 58 228 140 310
01076\bd.jpg 67 230 143 306
01076\be.jpg 71 224 155 309
01076\bf.jpg 50 200 153 303
01076\bg.jpg 37 186 170 320
01076\bh.jpg 21 179 164 322
01076\bi.jpg 22 191 161 330
01077\ba.jpg 66 207 154 295
01077\bb.jpg 105 238 142 276
01077\bc.jpg 97 228 152 283
01077\bd.jpg 93 222 154 283
01077\be.jpg 83 216 150 283
01077\bf.jpg 62 198 155 291
01077\bg.jpg 61 194 154 287
01077\bh.jpg 39 170 151 282
01077\bi.jpg 33 170 145 282
01078\ba.jpg 63 208 147 293
01078\bb.jpg 74 225 150 301
01078\bc.jpg 58 211 145 298
01078\bd.jpg 66 207 149 290
01078\be.jpg 71 214 149 292
01078\bf.jpg 38 188 145 295
01078\bg.jpg 35 174 148 287
01078\bh.jpg 30 171 147 288
01078\bi.jpg 32 184 139 291
01079\ba.jpg 76 212 166 303
01079\bb.jpg 97 234 143 279
01079\bc.jpg 78 212 144 277
01079\bd.jpg 64 211 144 292
01079\be.jpg 59 206 144 292
01079\bf.jpg 44 182 155 292
01079\bg.jpg 50 186 159 295
01079\bh.jpg 33 176 150 293
01079\bi.jpg 38 179 152 293
01080\ba.jpg 64 185 153 275
01080\bb.jpg 86 226 132 272
01080\bc.jpg 93 227 138 272
01080\bd.jpg 85 215 143 273
01080\be.jpg 78 217 139 278
01080\bf.jpg 80 207 146 272
01080\bg.jpg 46 172 145 271
01080\bh.jpg 46 180 138 273
01080\bi.jpg 38 175 138 275
01081\ba.jpg 63 206 119 262
01081\bc.jpg 105 248 126 269
01081\bd.jpg 85 237 118 270
01081\be.jpg 78 230 118 270
01081\bf.jpg 30 191 117 278
01081\bg.jpg 27 178 114 265
01081\bh.jpg 25 172 115 262
01081\bi.jpg 11 148 122 259
01082\ba.jpg 54 190 144 280
01082\bb.jpg 68 235 158 325
01082\bc.jpg 70 239 151 320
01082\bd.jpg 71 233 157 319
01082\be.jpg 72 225 159 312
01082\bf.jpg 61 194 162 296
01082\bh.jpg 28 187 158 317
01082\bi.jpg 17 178 166 327
01083\ba.jpg 66 214 156 304
01083\bb.jpg 98 241 152 295
01083\bc.jpg 87 229 146 288
01083\bd.jpg 95 231 157 293
01083\be.jpg 78 215 151 288
01083\bf.jpg 54 197 151 294
01083\bg.jpg 36 180 149 292
01083\bh.jpg 29 176 154 301
01083\bi.jpg 29 179 148 298
01084\ba.jpg 72 198 139 265
01084\bb.jpg 99 230 144 275
01084\bc.jpg 82 213 144 276
01084\bd.jpg 76 203 143 270
01084\be.jpg 71 200 147 276
01084\bf.jpg 45 175 147 276
01084\bg.jpg 35 156 151 272
01084\bh.jpg 22 149 150 276
01084\bi.jpg 23 164 138 280
01085\ba.jpg 41 196 128 283
01085\bb.jpg 79 240 127 288
01085\bc.jpg 85 233 136 284
01085\bd.jpg 86 234 138 286
01085\be.jpg 73 221 138 287
01085\bf.jpg 42 193 138 290
01085\bg.jpg 32 184 144 296
01085\bh.jpg 17 180 142 305
01085\bi.jpg 12 173 137 298
01086\ba.jpg 44 201 124 282
01086\bb.jpg 104 239 120 256
01086\bc.jpg 74 210 125 261
01086\bd.jpg 70 205 128 262
01086\be.jpg 60 192 138 270
01086\bf.jpg 62 197 141 276
01086\bg.jpg 38 175 137 273
01086\bh.jpg 25 162 145 281
01086\bi.jpg 19 156 144 281
01087\ba.jpg 42 196 138 291
01087\bb.jpg 93 239 138 283
01087\bc.jpg 76 218 134 276
01087\bd.jpg 75 214 134 274
01087\be.jpg 78 212 135 270
01087\bf.jpg 48 191 140 282
01087\bg.jpg 27 168 139 281
01087\bh.jpg 24 168 145 290
01087\bi.jpg 26 169 140 283
01088\ba.jpg 60 205 156 301
01088\bb.jpg 87 237 144 294
01088\bc.jpg 91 233 150 292
01088\bd.jpg 84 222 151 289
01088\be.jpg 83 219 150 286
01088\bf.jpg 52 190 150 288
01088\bg.jpg 37 174 146 282
01088\bh.jpg 33 169 146 281
01088\bi.jpg 21 166 142 287
01089\ba.jpg 60 185 139 264
01089\bb.jpg 99 229 129 259
01089\bc.jpg 91 220 128 256
01089\bd.jpg 83 217 128 262
01089\be.jpg 72 206 129 262
01089\bf.jpg 62 176 134 248
01089\bg.jpg 37 156 137 257
01089\bh.jpg 32 154 131 253
01089\bi.jpg 21 152 128 259
01090\ba.jpg 49 207 128 285
01090\bb.jpg 73 229 127 283
01090\bc.jpg 76 224 144 292
01090\bd.jpg 61 214 135 287
01090\be.jpg 69 210 148 290
01090\bf.jpg 53 206 143 296
01090\bg.jpg 39 196 145 302
01090\bh.jpg 27 182 141 296
01090\bi.jpg 33 185 142 294
01091\ba.jpg 60 210 151 301
01091\bb.jpg 74 244 134 304
01091\bc.jpg 86 240 147 301
01091\bd.jpg 86 236 149 299
01091\be.jpg 74 213 157 296
01091\bf.jpg 42 172 155 285
01091\bg.jpg 27 175 148 297
01091\bh.jpg 20 173 151 304
01091\bi.jpg 10 159 157 306
01092\ba.jpg 49 205 140 296
01092\bb.jpg 93 228 155 290
01092\bc.jpg 86 223 153 291
01092\bd.jpg 75 215 153 293
01092\be.jpg 55 209 142 295
01092\bf.jpg 60 204 151 294
01092\bg.jpg 46 185 150 289
01092\bh.jpg 37 175 149 287
01092\bi.jpg 26 166 147 287
01093\ba.jpg 61 215 183 337
01093\bb.jpg 99 242 160 304
01093\bc.jpg 80 236 151 307
01093\bd.jpg 88 236 157 306
01093\be.jpg 66 222 155 311
01093\bf.jpg 32 194 148 310
01093\bg.jpg 29 173 162 306
01093\bh.jpg 22 185 157 320
01093\bi.jpg 20 179 152 311
01094\ba.jpg 70 197 149 276
01094\bb.jpg 84 222 143 280
01094\bc.jpg 79 215 145 281
01094\bd.jpg 75 213 144 282
01094\be.jpg 69 209 144 284
01094\bf.jpg 56 192 130 265
01094\bg.jpg 52 184 137 268
01094\bh.jpg 43 179 136 273
01094\bi.jpg 31 167 135 271
01095\ba.jpg 62 212 141 291
01095\bb.jpg 84 236 133 284
01095\bc.jpg 68 221 138 291
01095\bd.jpg 66 216 143 293
01095\be.jpg 72 218 151 298
01095\bf.jpg 37 194 144 301
01095\bg.jpg 31 177 139 285
01095\bh.jpg 20 173 141 294
01095\bi.jpg 23 177 144 297
01096\ba.jpg 56 197 111 252
01096\bb.jpg 96 230 110 244
01096\bc.jpg 83 214 114 245
01096\bd.jpg 89 217 116 244
01096\be.jpg 79 209 115 245
01096\bf.jpg 78 207 117 247
01096\bg.jpg 55 189 116 250
01096\bh.jpg 48 182 114 249
01096\bi.jpg 30 168 111 249
01097\ba.jpg 52 199 145 292
01097\bb.jpg 71 232 117 278
01097\bc.jpg 80 233 127 279
01097\bd.jpg 79 219 134 274
01097\be.jpg 85 216 139 271
01097\bf.jpg 44 188 135 279
01097\bg.jpg 30 164 139 272
01097\bh.jpg 24 163 140 279
01097\bi.jpg 16 160 145 290
01098\ba.jpg 55 210 138 293
01098\bb.jpg 85 239 139 293
01098\bc.jpg 78 230 146 298
01098\bd.jpg 67 220 147 300
01098\be.jpg 64 213 151 300
01098\bf.jpg 42 196 141 295
01098\bg.jpg 38 188 153 302
01098\bh.jpg 26 173 150 297
01098\bi.jpg 22 178 151 307
01099\ba.jpg 70 211 149 291
01099\bb.jpg 82 237 143 298
01099\bc.jpg 87 232 147 292
01099\bd.jpg 91 229 143 282
01099\be.jpg 85 224 140 280
01099\bf.jpg 54 190 145 281
01099\bg.jpg 50 199 137 286
01099\bh.jpg 33 175 136 277
01099\bi.jpg 20 155 137 272
01100\ba.jpg 67 205 147 284
01100\bb.jpg 92 236 152 296
01100\bc.jpg 91 235 152 296
01100\bd.jpg 80 216 151 288
01100\be.jpg 79 218 149 288
01100\bf.jpg 61 196 150 286
01100\bg.jpg 53 189 153 289
01100\bh.jpg 37 182 149 295
01100\bi.jpg 20 156 146 283
01101\ba.jpg 46 194 162 310
01101\bb.jpg 83 220 162 299
01101\bc.jpg 61 200 162 301
01101\bd.jpg 57 197 164 303
01101\be.jpg 73 210 162 300
01101\bf.jpg 54 191 162 299
01101\bg.jpg 47 189 165 307
01101\bh.jpg 35 167 169 301
01101\bi.jpg 23 164 171 312
01102\ba.jpg 64 199 131 265
01102\bb.jpg 96 227 135 267
01102\bc.jpg 73 211 134 271
01102\bd.jpg 59 199 135 274
01102\be.jpg 54 195 135 276
01102\bf.jpg 53 191 134 272
01102\bg.jpg 42 186 138 282
01102\bh.jpg 30 164 137 271
01102\bi.jpg 32 174 136 278
01103\ba.jpg 57 197 157 297
01103\bb.jpg 84 234 159 308
01103\bc.jpg 76 219 157 301
01103\bd.jpg 79 214 159 294
01103\be.jpg 76 211 162 297
01103\bf.jpg 55 203 156 304
01103\bg.jpg 35 178 156 299
01103\bh.jpg 31 173 159 301
01103\bi.jpg 22 176 151 304
01104\ba.jpg 63 199 141 276
01104\bb.jpg 101 233 145 277
01104\bc.jpg 93 227 142 276
01104\bd.jpg 76 210 144 279
01104\be.jpg 70 205 142 277
01104\bf.jpg 55 190 148 283
01104\bg.jpg 47 178 148 280
01104\bh.jpg 38 167 144 273
01104\bi.jpg 17 147 142 271
01105\ba.jpg 59 200 158 298
01105\bb.jpg 95 234 159 298
01105\bc.jpg 83 217 158 293
01105\bd.jpg 78 213 160 294
01105\be.jpg 74 211 158 295
01105\bf.jpg 55 183 161 289
01105\bg.jpg 46 176 158 289
01105\bh.jpg 26 160 157 290
01105\bi.jpg 18 147 153 282
01106\ba.jpg 61 207 158 304
01106\bb.jpg 105 240 170 305
01106\bd.jpg 79 221 159 301
01106\be.jpg 57 202 169 314
01106\bf.jpg 50 179 169 298
01106\bg.jpg 35 162 169 297
01106\bh.jpg 30 163 165 299
01106\bi.jpg 12 125 174 287
01107\ba.jpg 55 198 151 294
01107\bb.jpg 78 222 150 295
01107\bc.jpg 93 234 148 290
01107\bd.jpg 82 219 149 286
01107\be.jpg 71 211 149 289
01107\bf.jpg 50 190 152 292
01107\bg.jpg 41 173 151 282
01107\bh.jpg 29 160 151 281
01107\bi.jpg 25 168 147 291
01108\ba.jpg 68 188 163 283
01108\bb.jpg 120 233 142 255
01108\bc.jpg 92 219 149 277
01108\bd.jpg 78 206 135 263
01108\be.jpg 71 198 144 271
01108\bf.jpg 53 176 154 276
01108\bg.jpg 42 159 165 282
01108\bh.jpg 47 148 147 248
01108\bi.jpg 25 136 156 266
01109\ba.jpg 48 195 125 271
01109\bb.jpg 97 234 135 271
01109\bc.jpg 82 229 146 293
01109\bd.jpg 73 212 146 286
01109\be.jpg 76 212 150 287
01109\bf.jpg 64 202 155 293
01109\bg.jpg 49 189 154 294
01109\bh.jpg 32 167 155 289
01109\bi.jpg 19 151 153 285
01110\ba.jpg 57 190 159 292
01110\bb.jpg 99 241 161 303
01110\bc.jpg 85 225 159 299
01110\bd.jpg 77 201 167 291
01110\be.jpg 65 195 166 295
01110\bf.jpg 55 184 162 292
01110\bg.jpg 47 166 167 286
01110\bh.jpg 32 162 163 293
01110\bi.jpg 23 155 153 285
01111\ba.jpg 58 209 142 293
01111\bb.jpg 92 226 140 274
01111\bc.jpg 86 219 138 272
01111\bd.jpg 70 201 141 272
01111\be.jpg 65 203 138 275
01111\bf.jpg 53 189 140 275
01111\bg.jpg 43 175 138 270
01111\bh.jpg 35 165 139 270
01111\bi.jpg 23 154 135 267
01112\ba.jpg 52 186 157 291
01112\bb.jpg 85 226 148 290
01112\bc.jpg 86 231 156 301
01112\bd.jpg 90 229 155 295
01112\be.jpg 81 218 158 296
01112\bf.jpg 45 193 153 301
01112\bg.jpg 37 189 153 305
01112\bh.jpg 27 177 149 298
01112\bi.jpg 34 181 155 301
01113\ba.jpg 47 203 142 298
01113\bb.jpg 83 230 139 285
01113\bc.jpg 95 238 148 290
01113\bd.jpg 80 224 153 297
01113\be.jpg 85 218 160 293
01113\bf.jpg 56 201 154 298
01113\bg.jpg 49 185 153 289
01113\bh.jpg 26 168 150 292
01113\bi.jpg 20 165 156 300
01114\ba.jpg 70 200 137 266
01114\bb.jpg 104 232 151 280
01114\bc.jpg 82 208 152 278
01114\bd.jpg 67 193 158 284
01114\be.jpg 84 210 154 280
01114\bf.jpg 55 180 159 285
01114\bg.jpg 43 166 165 288
01114\bh.jpg 30 157 150 277
01114\bi.jpg 29 154 152 277
01115\ba.jpg 45 203 140 298
01115\bb.jpg 95 235 156 296
01115\bc.jpg 88 229 153 295
01115\bd.jpg 86 223 152 290
01115\be.jpg 64 207 153 295
01115\bf.jpg 40 187 154 301
01115\bg.jpg 31 170 149 288
01115\bh.jpg 27 168 149 290
01115\bi.jpg 20 168 144 292
01116\ba.jpg 64 182 127 245
01116\bb.jpg 107 229 113 235
01116\bc.jpg 91 208 120 237
01116\bd.jpg 88 198 123 233
01116\be.jpg 75 190 117 232
01116\bf.jpg 61 171 121 231
01116\bg.jpg 51 159 124 233
01116\bh.jpg 45 154 122 232
01116\bi.jpg 30 140 117 228
01117\ba.jpg 84 203 181 300
01117\bb.jpg 125 237 192 303
01117\bc.jpg 101 222 185 306
01117\bd.jpg 89 209 183 303
01117\be.jpg 83 196 185 298
01117\bf.jpg 74 185 193 304
01117\bg.jpg 47 160 190 303
01117\bh.jpg 26 140 165 279
01117\bi.jpg 15 124 162 271
01118\ba.jpg 59 196 134 271
01118\bb.jpg 88 234 124 270
01118\bc.jpg 76 214 124 261
01118\bd.jpg 70 213 126 269
01118\be.jpg 57 204 124 271
01118\bf.jpg 59 190 136 268
01118\bg.jpg 46 185 133 273
01118\bh.jpg 23 164 130 272
01118\bi.jpg 15 146 133 264
01119\ba.jpg 77 197 163 284
01119\bb.jpg 106 238 152 284
01119\bc.jpg 89 218 153 282
01119\bd.jpg 82 213 154 285
01119\be.jpg 76 202 157 283
01119\bf.jpg 63 187 156 281
01119\bg.jpg 43 176 153 286
01119\bh.jpg 33 168 145 280
01119\bi.jpg 34 171 150 286
01120\ba.jpg 79 199 146 266
01120\bb.jpg 109 237 128 255
01120\bc.jpg 99 231 130 262
01120\bd.jpg 93 222 133 262
01120\be.jpg 85 213 140 267
01120\bf.jpg 60 181 142 263
01120\bg.jpg 42 163 142 264
01120\bh.jpg 42 167 141 267
01120\bi.jpg 29 152 141 264
01121\ba.jpg 71 214 157 300
01121\bb.jpg 101 238 153 290
01121\bc.jpg 88 228 154 294
01121\bd.jpg 79 215 158 294
01121\be.jpg 73 209 157 293
01121\bf.jpg 61 202 154 295
01121\bg.jpg 53 194 157 298
01121\bh.jpg 44 183 154 293
01121\bi.jpg 33 172 158 296
01122\ba.jpg 49 206 126 283
01122\bb.jpg 95 243 129 277
01122\bc.jpg 88 236 131 278
01122\bd.jpg 89 229 132 272
01122\be.jpg 85 225 128 268
01122\bf.jpg 62 215 125 278
01122\bg.jpg 34 161 139 265
01122\bh.jpg 36 163 139 266
01122\bi.jpg 18 142 131 255
01123\ba.jpg 59 206 156 303
01123\bb.jpg 93 235 162 304
01123\bc.jpg 83 224 160 301
01123\bd.jpg 81 218 159 296
01123\be.jpg 80 216 166 302
01123\bf.jpg 68 212 165 308
01123\bg.jpg 51 193 162 304
01123\bh.jpg 44 181 162 299
01123\bi.jpg 31 167 163 300
01124\ba.jpg 64 220 121 277
01124\bb.jpg 82 238 123 279
01124\bc.jpg 63 228 122 287
01124\bd.jpg 71 225 126 280
01124\be.jpg 60 220 120 280
01124\bf.jpg 34 188 122 277
01124\bg.jpg 32 176 133 277
01124\bh.jpg 15 166 131 281
01124\bi.jpg 15 168 127 280
01125\ba.jpg 60 212 151 303
01125\bb.jpg 93 240 155 302
01125\bc.jpg 75 228 147 301
01125\bd.jpg 82 227 146 291
01125\be.jpg 75 215 150 290
01125\bf.jpg 44 197 139 292
01125\bg.jpg 41 188 144 290
01125\bh.jpg 26 168 148 290
01125\bi.jpg 26 171 143 288
01126\ba.jpg 75 208 172 305
01126\bb.jpg 83 228 174 318
01126\bc.jpg 73 219 172 317
01126\bd.jpg 82 225 186 330
01126\be.jpg 75 213 184 322
01126\bf.jpg 53 194 179 320
01126\bg.jpg 47 184 180 317
01126\bh.jpg 26 167 172 313
01127\ba.jpg 71 204 163 296
01127\bb.jpg 95 231 146 282
01127\bc.jpg 82 216 150 284
01127\bd.jpg 83 213 154 285
01127\be.jpg 71 207 149 284
01127\bf.jpg 42 184 145 286
01127\bg.jpg 29 160 157 289
01127\bh.jpg 25 158 155 288
01127\bi.jpg 18 158 148 288
01128\ba.jpg 49 197 131 280
01128\bb.jpg 89 233 135 280
01128\bc.jpg 92 226 126 260
01128\bd.jpg 88 227 118 256
01128\be.jpg 77 216 118 257
01128\bf.jpg 60 212 120 272
01128\bg.jpg 48 187 122 261
01128\bh.jpg 31 165 123 258
01128\bi.jpg 27 162 119 254
01129\ba.jpg 55 190 168 304
01129\bb.jpg 88 231 136 279
01129\bc.jpg 87 233 139 286
01129\bd.jpg 75 219 146 291
01129\be.jpg 81 218 148 285
01129\bf.jpg 53 203 143 293
01129\bg.jpg 46 190 142 287
01129\bh.jpg 34 175 135 277
01129\bi.jpg 24 176 131 283
01130\ba.jpg 59 205 169 315
01130\bb.jpg 93 235 173 315
01130\bc.jpg 74 220 170 315
01130\bd.jpg 81 221 177 317
01130\be.jpg 58 202 173 316
01130\bf.jpg 44 187 165 308
01130\bg.jpg 36 189 156 310
01130\bh.jpg 25 171 168 314
01130\bi.jpg 21 169 155 304
01131\ba.jpg 72 202 155 285
01131\bb.jpg 103 234 162 293
01131\bc.jpg 87 223 162 297
01131\bd.jpg 88 222 162 296
01131\be.jpg 74 206 166 298
01131\bf.jpg 58 189 171 302
01131\bg.jpg 54 186 166 297
01131\bh.jpg 44 178 167 301
01131\bi.jpg 33 167 164 299
01132\ba.jpg 43 179 155 291
01132\bb.jpg 116 241 153 279
01132\bc.jpg 88 223 146 280
01132\bd.jpg 84 216 147 279
01132\be.jpg 86 212 143 270
01132\bf.jpg 68 199 148 279
01132\bg.jpg 51 178 142 269
01132\bh.jpg 39 169 149 279
01132\bi.jpg 41 173 143 275
01133\ba.jpg 57 188 155 286
01133\bb.jpg 95 240 158 302
01133\bc.jpg 82 225 157 300
01133\bd.jpg 69 219 153 303
01133\be.jpg 67 207 158 298
01133\bf.jpg 52 188 154 291
01133\bg.jpg 51 191 155 295
01133\bh.jpg 39 185 144 291
01133\bi.jpg 21 166 146 291
01134\ba.jpg 62 195 160 293
01134\bb.jpg 102 233 162 293
01134\bc.jpg 93 232 161 300
01134\bd.jpg 73 216 155 299
01134\be.jpg 64 205 154 295
01134\bf.jpg 36 174 155 293
01134\bg.jpg 57 193 157 293
01134\bh.jpg 32 177 147 292
01134\bi.jpg 20 165 149 294
01135\ba.jpg 56 192 158 293
01135\bb.jpg 100 229 146 276
01135\bc.jpg 94 223 147 276
01135\bd.jpg 63 192 145 274
01135\be.jpg 58 189 149 280
01135\bf.jpg 52 175 151 274
01135\bg.jpg 44 182 144 283
01135\bh.jpg 32 161 151 280
01135\bi.jpg 26 153 152 279
01136\ba.jpg 81 205 168 293
01136\bb.jpg 118 236 168 285
01136\bc.jpg 104 226 162 284
01136\bd.jpg 85 210 161 286
01136\be.jpg 75 207 160 292
01136\bf.jpg 58 172 169 282
01136\bg.jpg 41 153 166 279
01136\bh.jpg 31 151 164 284
01136\bi.jpg 20 142 163 285
01137\ba.jpg 83 198 161 276
01137\bb.jpg 99 217 166 284
01137\bd.jpg 83 202 159 278
01137\be.jpg 84 197 159 272
01137\bf.jpg 73 188 158 273
01137\bg.jpg 59 168 165 273
01137\bh.jpg 42 153 163 274
01137\bi.jpg 43 159 159 276
01138\ba.jpg 77 183 171 277
01138\bb.jpg 106 224 167 285
01138\bc.jpg 95 211 167 283
01138\bd.jpg 75 195 169 289
01138\be.jpg 81 193 174 286
01138\bf.jpg 57 178 172 293
01138\bg.jpg 43 159 172 288
01138\bh.jpg 41 155 173 287
01138\bi.jpg 28 144 167 283
01139\ba.jpg 73 209 163 299
01139\bb.jpg 91 230 149 288
01139\bc.jpg 68 210 151 292
01139\bd.jpg 71 211 154 294
01139\be.jpg 63 201 158 296
01139\bf.jpg 57 199 156 298
01139\bg.jpg 49 186 161 298
01139\bh.jpg 41 184 155 298
01139\bi.jpg 27 159 161 294
01140\ba.jpg 69 205 147 284
01140\bb.jpg 102 236 150 285
01140\bc.jpg 89 225 153 289
01140\bd.jpg 77 211 154 288
01140\be.jpg 82 212 161 291
01140\bf.jpg 57 199 154 297
01140\bg.jpg 48 181 158 291
01140\bh.jpg 33 159 157 284
01140\bi.jpg 23 152 157 286
01141\ba.jpg 69 205 161 296
01141\bb.jpg 105 233 165 293
01141\bc.jpg 91 223 162 294
01141\bd.jpg 79 215 157 294
01141\be.jpg 71 206 161 296
01141\bf.jpg 63 204 161 302
01141\bg.jpg 50 187 159 296
01141\bh.jpg 41 178 160 297
01141\bi.jpg 22 155 163 296
01142\ba.jpg 83 195 159 271
01142\bb.jpg 91 208 154 271
01142\bc.jpg 82 192 167 278
01142\bd.jpg 69 180 164 276
01142\be.jpg 87 190 168 271
01142\bf.jpg 76 180 170 274
01142\bg.jpg 65 177 162 275
01142\bh.jpg 60 179 157 276
01142\bi.jpg 74 190 154 270
01143\ba.jpg 62 197 149 283
01143\bb.jpg 95 230 158 293
01143\bc.jpg 82 218 162 298
01143\bd.jpg 71 206 167 302
01143\be.jpg 66 202 172 308
01143\bf.jpg 60 196 176 312
01143\bg.jpg 46 176 176 307
01143\bh.jpg 44 178 178 312
01143\bi.jpg 35 168 178 311
01144\ba.jpg 38 199 140 301
01144\bb.jpg 81 238 154 311
01144\bc.jpg 83 238 155 311
01144\bd.jpg 73 224 158 309
01144\be.jpg 65 219 160 313
01144\bf.jpg 43 201 165 322
01144\bg.jpg 36 186 160 310
01144\bh.jpg 29 181 161 312
01144\bi.jpg 18 154 163 300
01145\ba.jpg 58 206 132 281
01145\bb.jpg 97 238 136 277
01145\bc.jpg 76 230 131 285
01145\bd.jpg 74 214 145 285
01145\be.jpg 68 211 141 284
01145\bf.jpg 53 192 143 281
01145\bg.jpg 47 189 146 287
01145\bh.jpg 21 162 137 278
01145\bi.jpg 16 158 136 278
01146\ba.jpg 95 203 163 271
01146\bb.jpg 113 221 150 259
01146\bc.jpg 98 208 156 267
01146\bd.jpg 89 208 152 270
01146\be.jpg 84 197 154 268
01146\bf.jpg 66 181 155 269
01146\bg.jpg 70 175 155 260
01146\bh.jpg 55 170 153 268
01146\bi.jpg 35 145 152 262
01147\ba.jpg 82 190 158 266
01147\bb.jpg 111 231 154 274
01147\bc.jpg 115 229 160 274
01147\bd.jpg 94 217 155 277
01147\be.jpg 95 212 158 274
01147\bf.jpg 75 182 164 271
01147\bg.jpg 50 164 157 271
01147\bh.jpg 36 151 157 272
01147\bi.jpg 25 139 155 269
01148\ba.jpg 71 182 161 271
01148\bb.jpg 103 230 150 276
01148\bc.jpg 79 206 143 270
01148\bd.jpg 77 209 143 275
01148\be.jpg 77 193 156 272
01148\bf.jpg 53 182 157 286
01148\bg.jpg 28 159 156 287
01148\bh.jpg 29 164 153 288
01148\bi.jpg 30 163 151 284
01149\ba.jpg 64 203 156 296
01149\bb.jpg 96 229 151 284
01149\bc.jpg 90 227 146 284
01149\bd.jpg 80 216 162 299
01149\be.jpg 89 213 163 287
01149\bf.jpg 67 203 158 294
01149\bg.jpg 73 204 177 308
01149\bh.jpg 45 181 149 284
01149\bi.jpg 27 168 145 286
01150\ba.jpg 55 193 160 298
01150\bb.jpg 101 230 168 297
01150\bc.jpg 76 208 169 300
01150\bd.jpg 69 198 171 300
01150\be.jpg 68 199 180 312
01150\bf.jpg 47 182 179 314
01150\bg.jpg 48 178 180 309
01150\bh.jpg 34 162 181 309
01150\bi.jpg 34 163 180 309
01151\ba.jpg 81 199 166 284
01151\bb.jpg 116 237 156 277
01151\bc.jpg 102 226 156 281
01151\bd.jpg 81 202 157 278
01151\be.jpg 93 212 165 284
01151\bf.jpg 62 179 160 277
01151\bg.jpg 50 171 161 283
01151\bh.jpg 34 147 162 276
01151\bi.jpg 30 150 165 285
01152\ba.jpg 73 203 177 307
01152\bb.jpg 100 229 171 299
01152\bc.jpg 86 226 171 312
01152\bd.jpg 79 214 173 308
01152\be.jpg 69 207 174 312
01152\bf.jpg 59 190 173 304
01152\bg.jpg 58 189 171 301
01152\bh.jpg 48 174 171 297
01152\bi.jpg 26 157 164 295
01153\ba.jpg 60 193 135 268
01153\bb.jpg 99 228 136 265
01153\bc.jpg 87 221 136 270
01153\bd.jpg 84 214 139 269
01153\be.jpg 75 212 135 272
01153\bf.jpg 55 193 134 273
01153\bg.jpg 58 197 134 273
01153\bh.jpg 37 174 134 270
01153\bi.jpg 36 171 135 270
01154\ba.jpg 48 178 150 279
01154\bb.jpg 105 234 143 271
01154\bc.jpg 81 220 139 278
01154\bd.jpg 62 196 144 278
01154\be.jpg 60 191 142 273
01154\bf.jpg 52 183 147 278
01154\bg.jpg 55 180 151 276
01154\bh.jpg 30 161 149 280
01154\bi.jpg 22 157 141 275
01155\ba.jpg 78 191 140 253
01155\bb.jpg 128 228 141 241
01155\bc.jpg 105 217 139 252
01155\bd.jpg 93 208 138 252
01155\be.jpg 85 195 135 245
01155\bf.jpg 73 185 140 252
01155\bg.jpg 62 169 134 241
01155\bh.jpg 44 156 141 253
01155\bi.jpg 46 159 147 260
01156\ba.jpg 69 204 139 273
01156\bb.jpg 91 244 139 292
01156\bc.jpg 95 239 151 296
01156\bd.jpg 88 233 149 294
01156\be.jpg 91 225 154 288
01156\bf.jpg 43 178 159 295
01156\bg.jpg 27 172 152 297
01156\bh.jpg 22 169 151 298
01156\bi.jpg 3 145 137 279
01157\ba.jpg 55 186 144 275
01157\bb.jpg 85 234 149 298
01157\bc.jpg 97 239 152 294
01157\bd.jpg 90 224 154 288
01157\be.jpg 82 213 152 284
01157\bf.jpg 55 189 156 290
01157\bg.jpg 48 186 151 289
01157\bh.jpg 43 183 141 281
01157\bi.jpg 26 175 147 295
01158\ba.jpg 80 197 155 271
01158\bb.jpg 97 223 152 278
01158\bc.jpg 82 207 153 279
01158\bd.jpg 83 212 157 286
01158\be.jpg 80 210 161 291
01158\bf.jpg 67 182 162 278
01158\bg.jpg 39 163 157 281
01158\bh.jpg 30 152 153 275
01158\bi.jpg 39 167 151 280
01159\ba.jpg 49 187 139 278
01159\bb.jpg 86 217 132 263
01159\bc.jpg 81 214 134 267
01159\bd.jpg 66 201 134 268
01159\be.jpg 69 205 135 272
01159\bf.jpg 49 182 137 270
01159\bg.jpg 41 174 135 267
01159\bh.jpg 28 155 132 259
01159\bi.jpg 28 162 130 264
01160\ba.jpg 62 199 111 248
01160\bb.jpg 108 235 142 269
01160\bc.jpg 110 233 142 265
01160\bd.jpg 102 226 143 267
01160\be.jpg 92 222 142 271
01160\bf.jpg 71 194 147 270
01160\bg.jpg 50 193 142 286
01160\bh.jpg 40 180 135 275
01160\bi.jpg 33 174 137 277
01161\ba.jpg 78 192 167 282
01161\bb.jpg 97 237 164 304
01161\bc.jpg 90 225 164 299
01161\bd.jpg 91 219 162 289
01161\be.jpg 86 200 169 283
01161\bf.jpg 80 202 165 287
01161\bg.jpg 54 183 166 295
01161\bh.jpg 41 176 159 294
01161\bi.jpg 28 161 167 299
01162\ba.jpg 70 213 139 282
01162\bb.jpg 96 235 134 274
01162\bc.jpg 76 220 135 279
01162\bd.jpg 79 218 142 281
01162\be.jpg 81 212 138 269
01162\bf.jpg 55 193 133 271
01162\bg.jpg 54 189 137 272
01162\bh.jpg 37 174 136 272
01162\bi.jpg 29 166 134 271
01163\ba.jpg 60 193 158 292
01163\bb.jpg 107 236 156 284
01163\bc.jpg 94 223 159 288
01163\bd.jpg 87 218 153 284
01163\be.jpg 81 217 152 287
01163\bf.jpg 58 190 159 291
01163\bg.jpg 53 186 154 286
01163\bh.jpg 40 179 158 296
01163\bi.jpg 24 167 146 289
01164\ba.jpg 66 202 150 286
01164\bb.jpg 100 231 148 279
01164\bc.jpg 99 227 150 279
01164\bd.jpg 84 219 146 281
01164\be.jpg 82 214 146 278
01164\bf.jpg 61 195 150 283
01164\bg.jpg 53 189 148 284
01164\bh.jpg 45 174 147 275
01164\bi.jpg 25 157 143 275
01165\ba.jpg 73 194 155 276
01165\bb.jpg 116 242 150 276
01165\bc.jpg 96 227 150 281
01165\bd.jpg 88 220 150 282
01165\be.jpg 81 213 148 280
01165\bf.jpg 59 189 148 278
01165\bg.jpg 52 185 150 283
01165\bh.jpg 35 162 146 273
01165\bi.jpg 19 147 148 276
01166\ba.jpg 69 214 150 295
01166\bb.jpg 112 238 165 291
01166\bc.jpg 85 222 167 304
01166\bd.jpg 79 220 164 305
01166\be.jpg 71 202 165 297
01166\bf.jpg 79 206 169 296
01166\bg.jpg 49 178 175 304
01166\bh.jpg 43 177 163 297
01166\bi.jpg 29 167 163 301
01167\ba.jpg 68 196 155 283
01167\bb.jpg 88 227 117 256
01167\bc.jpg 74 219 135 280
01167\bd.jpg 75 214 133 272
01167\be.jpg 77 216 136 274
01167\bf.jpg 70 201 136 268
01167\bg.jpg 49 195 135 282
01167\bh.jpg 40 181 136 277
01167\bi.jpg 24 164 139 279
01168\ba.jpg 51 196 131 276
01168\bb.jpg 85 240 120 275
01168\bc.jpg 72 233 125 286
01168\bd.jpg 81 226 131 276
01168\be.jpg 73 218 137 282
01168\bf.jpg 56 196 136 276
01168\bg.jpg 31 170 121 260
01168\bh.jpg 19 170 120 272
01168\bi.jpg 15 172 119 276
01169\ba.jpg 85 203 178 296
01169\bb.jpg 101 224 171 294
01169\bc.jpg 85 213 163 291
01169\bd.jpg 86 216 166 297
01169\be.jpg 76 209 168 301
01169\bf.jpg 40 173 174 307
01169\bg.jpg 40 174 178 312
01169\bh.jpg 36 178 168 310
01169\bi.jpg 30 168 172 310
01170\ba.jpg 66 201 163 297
01170\bb.jpg 94 234 172 312
01170\bc.jpg 92 229 173 311
01170\bd.jpg 83 220 172 310
01170\be.jpg 82 214 177 310
01170\bf.jpg 62 190 177 305
01170\bg.jpg 49 185 165 301
01170\bh.jpg 37 182 158 303
01170\bi.jpg 26 172 160 306
01171\ba.jpg 68 210 152 294
01171\bb.jpg 105 241 151 287
01171\bc.jpg 82 226 148 291
01171\bd.jpg 72 220 150 298
01171\be.jpg 77 213 155 291
01171\bf.jpg 50 190 152 291
01171\bg.jpg 42 185 148 291
01171\bh.jpg 27 167 153 293
01171\bi.jpg 10 153 146 290
01172\ba.jpg 68 203 153 288
01172\bb.jpg 94 241 148 294
01172\bc.jpg 106 237 159 290
01172\bd.jpg 94 227 163 295
01172\be.jpg 90 222 163 295
01172\bf.jpg 73 203 160 291
01172\bg.jpg 46 181 162 297
01172\bh.jpg 27 169 155 297
01172\bi.jpg 20 161 155 296
01173\ba.jpg 61 207 180 327
01173\bb.jpg 92 237 172 317
01173\bc.jpg 94 238 176 321
01173\bd.jpg 78 215 178 315
01173\be.jpg 70 209 177 316
01173\bf.jpg 53 195 174 316
01173\bg.jpg 39 171 179 312
01173\bh.jpg 25 155 176 306
01173\bi.jpg 18 156 175 313
01174\ba.jpg 74 187 159 272
01174\bb.jpg 104 224 151 271
01174\bc.jpg 88 212 147 271
01174\bd.jpg 82 200 152 271
01174\be.jpg 68 188 154 274
01174\bf.jpg 74 186 158 269
01174\bg.jpg 69 179 157 267
01174\bh.jpg 41 154 150 264
01174\bi.jpg 31 147 155 271
01175\ba.jpg 62 185 163 287
01175\bb.jpg 101 231 169 299
01175\bc.jpg 93 223 177 307
01175\bd.jpg 75 204 178 307
01175\be.jpg 78 208 178 307
01175\bf.jpg 62 186 173 297
01175\bg.jpg 41 166 155 280
01175\bh.jpg 43 167 171 295
01175\bi.jpg 25 149 163 287
01176\ba.jpg 95 211 151 266
01176\bb.jpg 108 228 130 250
01176\bc.jpg 99 220 133 254
01176\bd.jpg 98 220 133 256
01176\be.jpg 100 216 138 253
01176\bf.jpg 84 199 147 262
01176\bg.jpg 59 176 143 261
01176\bh.jpg 44 159 137 252
01176\bi.jpg 40 155 135 250
01177\ba.jpg 63 209 167 312
01177\bb.jpg 98 229 160 290
01177\bc.jpg 78 215 152 290
01177\bd.jpg 69 208 156 296
01177\be.jpg 60 205 157 302
01177\bf.jpg 45 196 150 301
01177\bg.jpg 33 187 146 300
01177\bh.jpg 47 192 162 307
01177\bi.jpg 25 179 142 296
01178\ba.jpg 77 215 145 283
01178\bb.jpg 103 237 134 268
01178\bc.jpg 85 222 136 273
01178\bd.jpg 84 215 144 276
01178\be.jpg 71 206 145 280
01178\bf.jpg 47 175 150 278
01178\bg.jpg 48 190 140 282
01178\bh.jpg 30 164 141 275
01178\bi.jpg 16 153 142 279
01179\ba.jpg 74 199 120 245
01179\bb.jpg 83 228 104 248
01179\bc.jpg 94 225 111 242
01179\bd.jpg 86 216 120 249
01179\be.jpg 85 218 117 249
01179\bf.jpg 59 192 112 245
01179\bg.jpg 53 186 120 254
01179\bh.jpg 42 168 125 251
01179\bi.jpg 32 166 121 254
01180\ba.jpg 81 214 168 301
01180\bb.jpg 99 232 173 305
01180\bc.jpg 101 228 174 301
01180\bd.jpg 101 230 174 303
01180\be.jpg 92 226 174 309
01180\bf.jpg 68 205 170 306
01180\bg.jpg 54 182 173 301
01180\bh.jpg 41 178 169 306
01180\bi.jpg 32 171 165 304
01181\ba.jpg 86 206 162 283
01181\bb.jpg 93 233 162 301
01181\bc.jpg 88 208 177 297
01181\bd.jpg 85 208 176 299
01181\be.jpg 94 210 178 294
01181\bf.jpg 68 176 191 299
01181\bg.jpg 55 172 167 284
01181\bh.jpg 45 170 169 294
01181\bi.jpg 56 179 174 297
01182\ba.jpg 71 191 176 296
01182\bb.jpg 106 239 157 290
01182\bc.jpg 100 236 166 302
01182\bd.jpg 106 236 163 293
01182\be.jpg 79 217 162 300
01182\bf.jpg 54 189 161 297
01182\bg.jpg 41 177 156 291
01182\bh.jpg 16 146 148 277
01182\bi.jpg 17 143 144 270
01183\ba.jpg 74 206 148 281
01183\bb.jpg 87 241 148 302
01183\bc.jpg 85 233 152 301
01183\bd.jpg 73 218 155 300
01183\be.jpg 62 200 155 293
01183\bf.jpg 59 198 153 292
01183\bg.jpg 23 167 156 300
01183\bi.jpg 7 138 156 287
01184\ba.jpg 89 214 157 283
01184\bb.jpg 109 233 155 278
01184\bc.jpg 72 209 150 288
01184\bd.jpg 80 210 153 283
01184\be.jpg 85 211 152 278
01184\bf.jpg 71 196 155 279
01184\bg.jpg 60 184 152 276
01184\bh.jpg 49 180 152 284
01184\bi.jpg 36 165 150 279
01185\ba.jpg 59 200 160 302
01185\bb.jpg 83 218 160 295
01185\bc.jpg 65 202 167 304
01185\bd.jpg 57 203 166 311
01185\be.jpg 60 188 165 292
01185\bf.jpg 48 177 161 290
01185\bg.jpg 45 179 163 298
01185\bh.jpg 28 163 159 294
01185\bi.jpg 23 161 159 297
01186\ba.jpg 60 202 154 295
01186\bb.jpg 90 237 142 288
01186\bc.jpg 77 225 142 290
01186\bd.jpg 88 226 149 286
01186\be.jpg 82 218 151 287
01186\bf.jpg 68 203 149 284
01186\bg.jpg 46 181 156 291
01186\bh.jpg 30 167 151 287
01186\bi.jpg 27 169 151 293
01187\ba.jpg 88 209 157 278
01187\bb.jpg 97 233 149 285
01187\bc.jpg 93 223 161 291
01187\bd.jpg 93 220 162 289
01187\be.jpg 94 214 164 285
01187\bf.jpg 64 191 165 292
01187\bg.jpg 46 177 160 290
01187\bh.jpg 38 179 155 297
01187\bi.jpg 21 160 157 297
01188\ba.jpg 69 196 160 287
01188\bb.jpg 108 239 169 300
01188\bc.jpg 109 235 172 298
01188\bd.jpg 99 230 167 298
01188\be.jpg 98 221 172 294
01188\bf.jpg 71 191 175 295
01188\bg.jpg 50 179 178 308
01188\bh.jpg 37 172 174 309
01188\bi.jpg 15 150 172 307
01189\ba.jpg 75 219 133 277
01189\bb.jpg 88 239 132 283
01189\bc.jpg 70 225 129 284
01189\bd.jpg 85 228 134 277
01189\be.jpg 77 219 140 282
01189\bf.jpg 54 201 132 280
01189\bg.jpg 48 196 133 282
01189\bh.jpg 35 181 133 279
01189\bi.jpg 20 177 127 284
01190\ba.jpg 50 204 159 313
01190\bb.jpg 82 232 159 309
01190\bc.jpg 65 220 158 313
01190\bd.jpg 59 204 163 308
01190\be.jpg 40 195 159 314
01190\bf.jpg 44 197 161 314
01190\bg.jpg 32 173 165 306
01190\bh.jpg 27 171 158 302
01190\bi.jpg 18 165 158 304
01191\ba.jpg 92 207 165 280
01191\bb.jpg 102 223 160 282
01191\bc.jpg 105 225 167 286
01191\bd.jpg 109 221 170 282
01191\be.jpg 90 203 173 286
01191\bf.jpg 64 174 176 286
01191\bg.jpg 53 170 168 285
01191\bh.jpg 34 156 166 288
01191\bi.jpg 27 149 166 288
01192\ba.jpg 57 216 137 296
01192\bb.jpg 82 231 149 298
01192\bc.jpg 68 220 163 315
01192\bd.jpg 75 217 172 314
01192\be.jpg 52 205 176 328
01192\bf.jpg 42 185 170 313
01192\bg.jpg 27 171 168 313
01192\bh.jpg 25 165 161 301
01192\bi.jpg 19 166 170 317
01193\ba.jpg 60 200 143 283
01193\bb.jpg 76 223 145 293
01193\bc.jpg 70 221 147 299
01193\bd.jpg 61 209 155 304
01193\be.jpg 75 216 162 302
01193\bf.jpg 49 197 167 315
01193\bg.jpg 35 182 172 318
01193\bh.jpg 19 171 169 321
01193\bi.jpg 14 152 165 304
01194\ba.jpg 54 195 155 297
01194\bb.jpg 96 231 160 295
01194\bc.jpg 86 221 160 295
01194\bd.jpg 66 204 160 297
01194\be.jpg 83 222 161 300
01194\bg.jpg 40 196 147 303
01194\bh.jpg 27 182 149 304
01194\bi.jpg 25 174 156 304
01195\ba.jpg 54 195 150 291
01195\bb.jpg 95 239 138 282
01195\bc.jpg 84 238 131 286
01195\bd.jpg 82 227 134 278
01195\be.jpg 73 215 159 302
01195\bf.jpg 37 177 167 307
01195\bg.jpg 47 188 165 305
01195\bh.jpg 31 171 160 299
01195\bi.jpg 50 193 156 299
01196\ba.jpg 85 212 157 283
01196\bb.jpg 109 234 146 272
01196\bc.jpg 95 219 150 275
01196\bd.jpg 77 195 156 275
01196\be.jpg 88 207 156 275
01196\bf.jpg 73 195 153 275
01196\bg.jpg 55 175 154 274
01196\bh.jpg 47 177 149 279
01196\bi.jpg 39 163 146 271
01197\ba.jpg 62 194 163 294
01197\bb.jpg 71 198 150 277
01197\bc.jpg 56 183 159 285
01197\bd.jpg 77 215 168 306
01197\be.jpg 65 207 126 268
01197\bf.jpg 61 186 130 255
01197\bg.jpg 39 175 138 273
01197\bh.jpg 37 168 136 268
01197\bi.jpg 12 142 135 265
01198\ba.jpg 60 197 155 292
01198\bb.jpg 92 241 156 305
01198\bc.jpg 75 221 166 312
01198\bd.jpg 71 210 184 323
01198\be.jpg 65 219 168 322
01198\bf.jpg 33 186 169 322
01198\bg.jpg 25 164 179 317
01198\bh.jpg 27 175 174 321
01198\bi.jpg 11 171 178 338
01199\ba.jpg 79 211 154 286
01199\bb.jpg 102 234 146 278
01199\bc.jpg 80 213 148 281
01199\bd.jpg 83 214 158 289
01199\be.jpg 70 205 153 288
01199\bf.jpg 57 194 158 296
01199\bg.jpg 51 178 156 283
01199\bh.jpg 37 167 155 285
01199\bi.jpg 48 180 151 283
01200\ba.jpg 81 208 169 296
01200\bb.jpg 110 228 169 286
01200\bc.jpg 91 217 170 296
01200\bd.jpg 85 209 172 296
01200\be.jpg 87 212 174 298
01200\bf.jpg 69 202 162 295
01200\bg.jpg 67 198 167 297
01200\bh.jpg 46 175 163 292
01200\bi.jpg 42 173 166 298
01201\ba.jpg 56 175 158 277
01201\bb.jpg 100 229 127 257
01201\bc.jpg 84 215 141 272
01201\bd.jpg 78 200 144 266
01201\be.jpg 64 190 143 269
01201\bf.jpg 42 162 157 277
01201\bg.jpg 36 149 163 276
01201\bh.jpg 25 147 154 276
01201\bi.jpg 33 152 149 268
01202\ba.jpg 49 183 174 307
01202\bb.jpg 97 222 181 306
01202\bc.jpg 93 222 176 305
01202\bd.jpg 87 217 178 309
01202\be.jpg 85 220 179 314
01202\bf.jpg 62 199 178 315
01202\bg.jpg 60 192 174 306
01202\bh.jpg 56 187 172 303
01202\bi.jpg 30 163 185 318
01203\ba.jpg 57 187 122 252
01203\bb.jpg 102 239 125 262
01203\bc.jpg 86 219 124 257
01203\bd.jpg 84 216 123 255
01203\be.jpg 88 212 132 255
01203\bf.jpg 73 206 128 261
01203\bg.jpg 42 174 130 262
01203\bh.jpg 25 163 122 260
01203\bi.jpg 16 146 128 258
01204\ba.jpg 70 202 136 268
01204\bb.jpg 101 226 151 276
01204\bc.jpg 77 209 140 272
01204\bd.jpg 85 214 148 277
01204\be.jpg 76 204 149 277
01204\bf.jpg 64 195 166 298
01204\bg.jpg 40 170 157 286
01204\bh.jpg 34 166 161 293
01204\bi.jpg 27 167 159 299
01205\ba.jpg 98 210 127 239
01205\bb.jpg 99 235 119 256
01205\bc.jpg 91 222 117 249
01205\bd.jpg 80 213 118 250
01205\be.jpg 74 204 116 246
01205\bf.jpg 51 181 137 268
01205\bg.jpg 39 169 129 258
01205\bh.jpg 28 155 130 257
01205\bi.jpg 17 140 118 241
01206\ba.jpg 44 197 158 311
01206\bb.jpg 87 237 142 292
01206\bc.jpg 80 230 144 294
01206\bd.jpg 93 235 146 288
01206\be.jpg 67 215 142 290
01206\bf.jpg 41 189 157 305
01206\bg.jpg 22 180 151 310
01206\bh.jpg 18 177 155 314
01206\bi.jpg 25 178 159 311
